-500
-446.67
-400
-346.67
-300
-246.67
-200
-146.67
-100
-46.67
-0
46.67
100
153.33
200
253.33
300
353.33
400
453.33
506.67
553.33
606.67
653.33
700
753.33
800
853.33
900
953.33
1000
1053.3
1100
1153.3
1200
1253.3
1300
1353.3
1400
1453.3
1500
1546.7
1600
1653.3
1700
1753.3
1800
1853.3
1900
1953.3
2000
2053.3
2100
2153.3
2200
2253.3
2300
2353.3
2400
2453.3
2500
2553.3
2600
2653.3
2700
2753.3
2800
2853.3
2906.7
2953.3
3006.7
3053.3
3106.7
3153.3
3206.7
3253.3
3300
3353.3
3400
3453.3
3506.7
3553.3
3600
3653.3
3700
3753.3
3800
3853.3
3906.7
3946.7
4006.7
4053.3
4100
4153.3
4206.7
4253.3
4306.7
4353.3
4400
4453.3
4500
4553.3
4600
4653.3
4700
4753.3
4800
4846.7
4900
4953.3
5000
5053.3
5100
5153.3
5206.7
5253.3
5306.7
5353.3
5400
5453.3
5506.7
5553.3
5600
5653.3
5700
5753.3
5800
5853.3
5900
5953.3
6000
6053.3
6100
6153.3
6200
6246.7
6300
6353.3
6400
6453.3
6500
6553.3
6600
6653.3
6706.7
6753.3
6806.7
6853.3
6906.7
6953.3
7006.7
7053.3
7106.7
7153.3
7206.7
7253.3
7300
7353.3
7400
7453.3
7500
7553.3
7600
7653.3
7700
7753.3
7800
7853.3
7900
7953.3
8000
8053.3
8100
8153.3
8200
8253.3
8300
8353.3
8400
8453.3
8500
8553.3
8600
8653.3
8700
8753.3
8806.7
8853.3
8906.7
8953.3
9000
9053.3
9100
9153.3
9200
9253.3
9300
9353.3
9400
9453.3
9500
9553.3
9600
9653.3
9706.7
9753.3
9800
9853.3
9900
9953.3
10000
10053
10100
10153
10200
10253
10300
10353
10400
10453
10500
10553
10600
10653
10700
10753
10800
10853
10900
10953
11000
11053
11100
11153
11200
11253
11307
11353
11400
11453
11500
11553
11600
11653
11700
11753
11800
11853
11900
11953
12000
12053
12100
12153
12200
12253
12300
12353
12407
12453
12507
12553
12600
12653
12700
12753
12800
12853
12900
12947
13007
13053
13100
13153
13200
13253
13300
13353
13407
13453
13500
13553
13600
13653
13707
13753
13800
13853
13900
13953
14000
14053
14100
14153
14200
14253
14300
14353
14400
14453
14500
14553
14600
14653
14700
14753
14800
14847
14900
14953
15000
15047
15107
15153
15207
15253
15300
15353
15400
15447
15500
15553
15600
15653
15700
15753
15800
15853
15900
15953
16000
16053
16100
16153
16200
16253
16300
16353
16400
16453
16500
16553
16600
16653
16700
16753
16800
16853
16900
16953
17000
17053
17100
17153
17200
17253
17300
17353
17400
17453
17500
17553
17607
17653
17707
17753
17800
17853
17900
17953
18000
18053
18107
18153
18207
18253
18300
18353
18400
18453
18500
18553
18600
18653
18707
18747
18807
18853
18900
18953
19000
19053
19100
19153
19200
19253
19300
19353
19400
19453
19500
20500
21500
22500
23500
24500
25500
26500
27500
28500
29500
30500
31500
32500
33500
34500
35500
36500
37500
38500
39500
40500
41500
42500
43500
44500
45500
46500
47500
48500
49500
50500
51500
52500
53500
54500
55500
56500
57500
58500
59500
60500
61500
62500
63500
64500
65500
66500
67500
68500
69500
70500
71500
72500
73500
74500
75500
76500
77500
78500
79500
80500
81500
82500
83500
84500
85500
86500
87500
88500
89500
90500
91500
92500
93500
94500
95500
96500
97500
98500
99500
1.005e+05
1.015e+05
1.025e+05
1.035e+05
1.045e+05
1.055e+05
1.065e+05
1.075e+05
1.085e+05
1.095e+05
1.105e+05
1.115e+05
1.125e+05
1.135e+05
1.145e+05
1.155e+05
1.165e+05
1.175e+05
1.185e+05
1.195e+05
1.205e+05
1.215e+05
1.225e+05
1.235e+05
1.245e+05
1.255e+05
1.265e+05
1.275e+05
1.285e+05
1.295e+05
1.305e+05
1.315e+05
1.325e+05
1.335e+05
1.345e+05
1.355e+05
1.365e+05
1.375e+05
1.385e+05
1.395e+05
1.445e+05
1.495e+05
1.545e+05
1.595e+05
1.645e+05
1.695e+05
1.745e+05
1.795e+05
1.845e+05
1.895e+05
1.945e+05
1.995e+05
2.045e+05
2.095e+05
2.145e+05
2.195e+05
2.245e+05
2.295e+05
2.345e+05
2.395e+05
2.445e+05
2.495e+05
2.545e+05
2.595e+05
2.645e+05
2.695e+05
2.745e+05
2.795e+05
2.845e+05
2.895e+05
2.945e+05
2.995e+05
3.045e+05
3.095e+05
3.145e+05
3.195e+05
3.245e+05
3.295e+05
3.345e+05
3.395e+05
3.445e+05
3.495e+05
3.545e+05
3.595e+05
3.645e+05
3.695e+05
3.745e+05
3.795e+05
3.845e+05
3.895e+05
3.945e+05
3.995e+05
4.045e+05
4.095e+05
4.145e+05
4.195e+05
4.245e+05
4.295e+05
4.345e+05
4.395e+05
4.445e+05
4.495e+05
4.545e+05
4.595e+05
4.645e+05
4.695e+05
4.745e+05
4.795e+05
4.845e+05
4.895e+05
4.945e+05
4.995e+05
5.045e+05
5.095e+05
5.145e+05
5.195e+05
5.245e+05
5.295e+05
5.345e+05
5.395e+05
5.445e+05
5.495e+05
5.545e+05
5.595e+05
5.645e+05
5.695e+05
5.745e+05
5.795e+05
5.845e+05
5.895e+05
5.945e+05
5.995e+05
6.045e+05
6.095e+05
6.145e+05
6.195e+05
6.245e+05
6.295e+05
6.345e+05
6.395e+05
6.445e+05
6.495e+05
6.545e+05
6.595e+05
6.645e+05
6.695e+05
6.745e+05
6.795e+05
6.845e+05
6.895e+05
6.945e+05
6.995e+05
7.045e+05
7.095e+05
7.145e+05
7.195e+05
7.245e+05
7.295e+05
7.345e+05
7.395e+05
7.445e+05
7.495e+05
7.545e+05
7.595e+05
7.645e+05
7.695e+05
7.745e+05
7.795e+05
7.845e+05
7.895e+05
7.945e+05
7.995e+05
8.045e+05
8.095e+05
8.145e+05
8.195e+05
8.245e+05
8.295e+05
8.345e+05
8.395e+05
8.445e+05
8.495e+05
8.545e+05
8.595e+05
8.645e+05
8.695e+05
8.745e+05
8.795e+05
8.845e+05
8.895e+05
8.945e+05
8.995e+05
9.045e+05
9.095e+05
9.145e+05
9.195e+05
9.245e+05
9.295e+05
9.345e+05
9.395e+05
9.445e+05
9.495e+05
9.545e+05
9.595e+05
9.645e+05
9.695e+05
9.745e+05
9.795e+05
9.845e+05
9.895e+05
9.945e+05
9.995e+05
1.0045e+06
1.0095e+06
1.0145e+06
1.0195e+06
1.0245e+06
1.0295e+06
1.0345e+06
1.0395e+06
1.0445e+06
1.0495e+06
1.0545e+06
1.0595e+06
1.0645e+06
1.0695e+06
1.0745e+06
1.0795e+06
1.0845e+06
1.0895e+06
1.0945e+06
1.0995e+06
1.1045e+06
1.1095e+06
1.1145e+06
1.1195e+06
1.1245e+06
1.1295e+06
1.1345e+06
1.1395e+06
1.1445e+06
1.1495e+06
1.1545e+06
1.1595e+06
1.1645e+06
1.1695e+06
