305.12
305.24
305.35
305.47
305.58
305.7
305.81
305.93
306.04
306.16
306.27
306.38
306.5
306.61
306.72
306.83
306.94
307.05
307.16
307.27
307.38
307.49
307.6
307.71
307.82
307.92
308.03
308.14
308.24
308.35
308.46
308.56
308.67
308.77
308.88
308.98
309.08
309.19
309.29
309.39
309.49
309.6
309.7
309.8
309.9
310
310.1
310.2
310.3
310.4
310.5
310.6
310.7
310.8
310.9
311
311.09
311.19
311.29
311.38
311.48
311.58
311.67
311.77
311.87
311.96
312.06
312.15
312.25
312.34
312.44
312.53
312.63
312.72
312.81
312.91
313
313.09
313.19
313.28
313.37
313.46
313.56
313.65
313.74
313.83
313.92
314.01
314.1
314.2
314.29
314.38
314.47
314.56
314.65
314.74
314.83
314.92
315.01
315.1
315.19
315.28
315.37
315.46
315.55
315.64
315.72
315.81
315.9
315.99
316.08
316.17
316.26
316.35
316.43
316.52
316.61
316.7
316.79
316.88
316.96
317.05
317.14
317.23
317.32
317.4
317.49
317.58
317.67
317.76
317.84
317.93
318.02
318.11
318.2
318.28
318.37
318.46
318.55
318.64
318.72
318.81
318.9
318.99
319.08
319.17
319.25
319.34
319.43
319.52
319.61
319.7
319.78
319.87
319.96
320.05
320.14
320.23
320.32
320.41
320.5
320.59
320.67
320.76
320.85
320.94
321.03
321.12
321.21
321.3
321.4
321.49
321.58
321.67
321.76
321.85
321.94
322.03
322.12
322.22
322.31
322.4
322.49
322.58
322.68
322.77
322.86
322.96
323.05
323.14
323.24
323.33
323.42
323.52
323.61
323.71
323.8
323.9
323.99
324.09
324.19
324.28
324.38
324.47
324.57
324.67
324.77
324.86
324.96
325.06
325.16
325.26
325.36
325.46
325.55
325.65
325.75
325.85
325.96
326.06
326.16
326.26
326.36
326.46
326.57
326.67
326.77
326.88
326.98
327.08
327.19
327.29
327.4
327.5
327.61
327.72
327.82
327.93
328.04
328.14
328.25
328.36
328.47
328.58
328.69
328.8
328.91
329.02
329.13
329.24
329.35
329.47
329.58
329.69
329.81
329.92
330.03
330.15
330.26
330.38
330.5
330.61
330.73
330.85
330.96
331.08
331.2
331.32
331.44
331.56
331.68
331.8
331.93
332.05
332.17
332.29
332.42
332.54
332.67
332.79
332.92
333.04
333.17
333.3
333.42
333.55
333.68
333.81
333.94
334.07
334.2
334.33
334.46
334.6
334.73
334.86
335
335.13
335.27
335.4
335.54
335.68
335.82
335.95
336.09
336.23
336.37
336.51
336.65
336.8
336.94
337.08
337.23
337.37
337.51
337.66
337.81
337.95
338.1
338.25
338.4
338.55
338.7
338.85
339
339.15
339.3
339.46
339.61
339.77
339.92
340.08
340.23
340.39
340.55
340.71
340.87
341.03
341.19
341.35
341.51
341.68
341.84
342
342.17
342.34
342.5
342.67
342.84
343.01
343.18
343.35
343.52
343.69
343.86
344.04
344.21
344.39
344.56
344.74
344.91
345.09
345.27
345.45
345.63
345.81
346
346.18
346.36
346.55
346.73
346.92
347.11
347.29
347.48
347.67
347.86
348.05
348.24
348.44
348.63
348.83
349.02
349.22
349.41
349.61
349.81
350.01
350.21
350.41
350.62
350.82
351.02
351.23
351.43
351.64
351.85
352.06
352.27
352.48
352.69
352.9
353.11
353.33
353.54
353.76
353.98
354.19
354.41
354.63
354.85
355.08
355.3
355.52
355.75
355.97
356.2
356.43
356.66
356.89
357.12
357.35
357.58
357.81
358.05
358.28
358.52
358.76
359
359.24
359.48
359.72
359.96
360.2
360.45
360.69
360.94
361.19
361.44
361.69
361.94
362.19
362.44
362.7
362.95
363.21
363.47
363.73
363.99
364.25
364.51
364.77
365.03
365.3
365.57
365.83
366.1
366.37
366.64
366.91
367.19
367.46
367.74
368.01
368.29
368.57
368.85
369.13
369.41
369.69
369.98
370.26
370.55
370.84
371.13
371.42
371.71
372
372.29
372.59
372.89
373.18
373.48
373.78
374.08
374.38
374.69
374.99
375.3
375.6
375.91
376.22
376.53
376.84
377.16
377.47
377.79
378.1
378.42
378.74
379.06
379.38
379.71
380.03
380.36
380.69
381.01
381.34
381.67
382.01
382.34
382.67
383.01
383.35
383.69
384.03
384.37
384.71
385.06
385.4
385.75
386.1
386.44
386.8
387.15
387.5
387.86
388.21
388.57
388.93
389.29
389.65
390.01
390.38
390.74
391.11
391.48
391.85
392.22
392.59
392.97
393.34
393.72
394.1
394.48
394.86
395.24
395.62
396.01
396.39
396.78
397.17
397.56
397.96
398.35
398.75
399.14
399.54
399.94
400.34
400.74
401.15
401.55
401.96
402.37
402.78
403.19
403.6
404.02
404.44
404.85
405.27
405.69
406.12
406.54
406.96
407.39
407.82
408.25
408.68
409.11
409.55
409.98
410.42
410.86
411.3
411.74
412.19
412.63
413.08
413.53
413.98
414.43
414.88
415.34
415.79
416.25
416.71
417.17
417.63
418.1
418.56
419.03
419.5
419.97
420.44
420.92
421.39
421.87
422.35
422.83
423.31
423.79
424.28
424.77
425.26
425.75
426.24
426.73
427.23
427.73
428.22
428.72
429.23
429.73
430.24
430.74
431.25
431.76
432.28
432.79
433.31
433.82
434.34
434.86
435.39
435.91
436.44
436.96
437.49
438.02
438.56
439.09
439.63
440.17
440.71
441.25
441.79
442.34
442.89
443.43
443.99
444.54
445.09
445.65
446.21
446.77
447.33
447.89
448.46
449.02
449.59
450.16
450.73
451.31
451.88
452.46
453.04
453.62
454.21
454.79
455.38
455.97
456.56
457.15
457.75
458.34
458.94
459.54
460.14
460.75
461.35
461.96
462.57
463.18
463.79
464.41
465.03
465.65
466.27
466.89
467.51
468.14
468.77
469.4
470.03
470.67
471.3
471.94
472.58
473.22
473.87
474.51
475.16
475.81
476.47
477.12
477.77
478.43
479.09
479.75
480.42
481.08
481.75
482.42
483.09
483.77
484.44
485.12
485.8
486.48
487.17
487.85
488.54
489.23
489.92
490.62
491.31
492.01
492.71
493.41
494.12
494.83
495.53
496.24
496.96
497.67
498.39
499.11
499.83
500.55
501.28
502
502.73
503.46
504.2
504.93
505.67
506.41
507.15
507.9
508.64
509.39
510.14
510.89
511.65
512.41
513.16
513.93
514.69
515.45
516.22
516.99
517.76
518.54
519.31
520.09
520.87
521.66
522.44
523.23
524.02
524.81
525.6
526.4
527.2
528
528.8
529.61
530.41
531.22
532.03
532.85
533.66
534.48
535.3
536.12
536.95
537.78
538.61
539.44
540.27
541.11
541.95
542.79
543.63
544.48
545.32
546.17
547.02
547.88
548.74
549.6
550.46
551.32
552.19
553.05
553.93
554.8
555.67
556.55
557.43
558.31
559.2
560.08
560.97
561.87
562.76
563.66
564.55
565.46
566.36
567.26
568.17
569.08
570
570.91
571.83
572.75
573.67
574.6
575.52
576.45
577.39
578.32
579.26
580.2
581.14
582.08
583.03
583.98
584.93
585.88
586.84
587.8
588.76
589.72
590.69
591.66
592.63
593.6
594.58
595.56
596.54
597.52
598.51
599.5
600.49
601.48
602.48
603.47
604.47
605.48
606.48
607.49
608.5
609.52
610.53
611.55
612.57
613.6
614.62
615.65
616.68
617.71
618.75
619.79
620.83
621.87
622.92
623.97
625.02
626.08
627.13
628.19
629.25
630.32
631.39
632.46
633.53
634.6
635.68
636.76
637.84
638.93
640.02
641.11
642.2
643.3
644.39
645.49
646.6
647.71
648.81
649.93
651.04
652.16
653.28
654.4
655.52
656.65
657.78
658.91
660.05
661.19
662.33
663.47
664.62
665.77
666.92
668.08
669.23
670.39
671.56
672.72
673.89
675.06
676.23
677.41
678.59
679.77
680.95
682.14
683.33
684.52
685.72
686.92
688.12
689.32
690.53
691.74
692.95
694.17
695.38
696.6
697.83
699.05
700.28
701.51
702.75
703.99
705.23
706.47
707.71
708.96
710.21
711.47
712.73
713.99
715.25
716.51
717.78
719.05
720.33
721.6
722.88
724.17
725.45
726.74
728.03
729.33
730.62
731.92
733.23
734.53
735.84
737.15
738.47
739.78
741.1
742.43
743.75
745.08
746.41
747.75
749.09
750.43
751.77
753.12
754.47
755.82
757.17
758.53
759.89
761.26
762.62
763.99
765.37
766.74
768.12
769.51
770.89
772.28
773.67
775.06
776.46
777.86
779.26
780.67
782.08
783.49
784.9
786.32
787.74
789.17
790.6
792.03
793.46
794.89
796.33
797.78
799.22
800.67
802.12
803.58
805.03
806.49
807.96
809.43
810.9
812.37
813.84
815.32
816.81
818.29
819.78
821.27
822.77
824.26
825.76
827.27
828.78
830.29
831.8
833.32
834.84
836.36
837.88
839.41
840.95
842.48
844.02
845.56
847.11
848.65
850.21
851.76
853.32
854.88
856.44
858.01
859.58
861.15
862.73
864.31
865.89
867.48
869.07
870.66
872.26
873.86
875.46
877.06
878.67
880.28
881.9
883.52
885.14
886.76
888.39
890.02
891.66
893.3
894.94
896.58
898.23
899.88
901.54
